#DataThief /home/cfns/Pictures/Screenshot from 2020-04-09 13-42-53.png Thursday 9-Apr-2020 1:50:26 PM
124.2375, -3.4564
124.5402, -3.7032
125.3322, -85.9153
125.6349, -86.1622
125.9375, -86.4091
126.7295, -168.6212
127.0322, -168.8679
127.3349, -169.1149
127.6376, -169.3618
127.9403, -169.6087
128.2429, -169.8556
128.5455, -170.1025
128.8483, -170.3493
129.151, -170.5962
129.4536, -170.8431
129.7563, -171.09
130.059, -171.3369
130.3617, -171.5838
130.6644, -171.8306
130.967, -172.0775
131.2697, -172.3244
131.5724, -172.5713
131.8751, -172.8182
132.1778, -173.0651
132.4804, -173.3119
132.7831, -173.5588
133.0858, -173.8056
133.3885, -174.0526
133.6911, -174.2995
133.9938, -174.5464
134.2965, -174.7932
134.5992, -175.0401
134.9019, -175.287
135.2045, -175.5339
135.5072, -175.7808
135.8098, -176.0277
136.1126, -176.2745
136.4153, -176.5213
136.7179, -176.7683
137.0206, -177.0152
137.3233, -177.2621
137.626, -177.5089
137.4393, -95.7906
137.742, -96.0375
138.0447, -96.2844
138.3474, -96.5312
138.65, -96.7782
138.9527, -97.0251
138.7661, -15.3068
139.0688, -15.5535
139.3714, -15.8005
139.6741, -16.0474
139.9768, -16.2943
140.2795, -16.5412
140.5822, -16.7881
140.3955, 64.9303
140.6982, 64.6834
141.0009, 64.4365
141.3035, 64.1896
141.6061, 63.9426
141.9089, 63.6958
142.2116, 63.449
142.0249, 145.1673
142.3276, 144.9203
142.6303, 144.6735
142.933, 144.4266
143.725, 62.2145
144.0277, 61.9677
144.3303, 61.7208
145.1223, -20.4913
145.425, -20.7382
145.7277, -20.9851
146.0304, -21.2319
146.333, -21.4788
146.6357, -21.7257
146.9384, -21.9726
147.2411, -22.2195
148.0331, -104.4316
148.3357, -104.6784
148.6383, -104.9253
148.9411, -105.1722
149.2438, -105.4191
149.5465, -105.666
149.8492, -105.9129
150.1518, -106.1597
150.4545, -106.4066
150.7572, -106.6535
151.0599, -106.9003
151.3625, -107.1473
152.1545, -189.3593
152.4572, -189.6061
152.7599, -189.8531
153.0626, -190.1
153.3653, -190.3469
153.6679, -190.5937
153.9706, -190.8406
153.784, -109.1223
154.0867, -109.3692
154.3893, -109.616
154.2027, -27.8978
154.5053, -28.1447
154.016, 53.8205
154.3187, 53.5735
154.132, 135.2919
153.6428, 217.257
153.4561, 298.9754
152.9668, 380.9405
152.4775, 462.9058
151.9881, 544.871
151.8014, 626.5893
151.3122, 708.5545
150.8229, 790.5197
150.6362, 872.238
150.1469, 954.2032
149.6576, 1036.1684
149.4708, 1117.8867
148.9816, 1199.8519
148.4923, 1281.8171
148.3056, 1363.5354
147.8163, 1445.5006
147.327, 1527.4657
146.8377, 1609.4309
146.651, 1691.1492
146.1617, 1773.1144
145.6724, 1855.0796
145.1831, 1937.0448
144.6937, 2019.01
144.2044, 2100.9752
143.7151, 2182.9404
143.2258, 2264.9056
143.0391, 2346.6239
142.5497, 2428.5891
142.0605, 2510.5543
141.5712, 2592.5194
141.3845, 2674.2377
140.8952, 2756.2029
140.4059, 2838.1681
139.9165, 2920.1333
139.4272, 3002.0985
138.9379, 3084.0637
138.4485, 3166.0289
138.2619, 3247.7471
138.0753, 3329.4655
137.8887, 3411.1838
137.3993, 3493.149
136.91, 3575.1142
136.4207, 3657.0794
135.9314, 3739.0446
135.1394, 3821.2566
134.65, 3903.2218
134.1607, 3985.187
133.6714, 4067.1522
133.1821, 4149.1174
132.6928, 4231.0826
132.2034, 4313.0478
131.7141, 4395.013
131.5274, 4476.7313
131.0381, 4558.6965
130.5488, 4640.6616
130.0594, 4722.6268
129.5702, 4804.592
129.0809, 4886.5572
128.5915, 4968.5224
128.1022, 5050.4876
127.9156, 5132.2059
127.4262, 5214.1711
126.9369, 5296.1363
126.4476, 5378.1015
125.9583, 5460.0667
125.4689, 5542.0318
124.9796, 5623.9969
124.4903, 5705.9622
124.3037, 5787.6804
123.8143, 5869.6457
123.325, 5951.6109
122.8357, 6033.576
122.3464, 6115.5413
121.8571, 6197.5065
121.3677, 6279.4717
120.8784, 6361.4369
120.6918, 6443.1552
120.2024, 6525.1204
119.713, 6607.0855
119.2238, 6689.0507
118.7345, 6771.0159
118.5478, 6852.7342
118.0585, 6934.6994
117.5692, 7016.6646
117.0799, 7098.6298
116.8932, 7180.3481
116.4039, 7262.3133
115.9146, 7344.2785
115.4253, 7426.2437
114.9359, 7508.2089
114.7492, 7589.9272
114.26, 7671.8923
113.7706, 7753.8575
113.2812, 7835.8227
113.0947, 7917.541
112.6054, 7999.5062
112.116, 8081.4714
111.6267, 8163.4365
111.1374, 8245.4018
110.9506, 8327.1201
110.4614, 8409.0853
109.9721, 8491.0505
109.4828, 8573.0157
108.9935, 8654.9809
108.5041, 8736.9461
108.0148, 8818.9112
107.8282, 8900.6296
107.3388, 8982.5947
106.8495, 9064.5598
106.3602, 9146.5251
105.8709, 9228.4903
105.3816, 9310.4555
104.8921, 9392.4207
104.7056, 9474.139
104.2163, 9556.1042
104.0296, 9637.8225
103.843, 9719.5408
104.1457, 9719.2939
103.959, 9801.0122
103.7724, 9882.7305
103.2831, 9964.6957
103.7724, 9882.7305
104.5644, 9800.5185
105.0537, 9718.5533
105.543, 9636.588
106.335, 9554.376
106.8243, 9472.4108
107.3136, 9390.4456
108.1057, 9308.2336
108.595, 9226.2684
109.0843, 9144.3032
109.8763, 9062.0911
110.3656, 8980.1259
110.855, 8898.1607
111.1576, 8897.9138
111.647, 8815.9485
112.439, 8733.7366
112.9283, 8651.7713
113.4176, 8569.8062
114.2096, 8487.5941
114.6989, 8405.6289
115.1882, 8323.6637
115.9802, 8241.4517
116.4696, 8159.4865
117.2616, 8077.2744
117.7509, 7995.3092
118.2402, 7913.3439
118.7295, 7831.3788
119.2189, 7749.4137
120.0109, 7667.2016
120.5002, 7585.2364
120.9895, 7503.2711
121.4788, 7421.306
121.9682, 7339.3408
122.4575, 7257.3756
123.2495, 7175.1636
123.7388, 7093.1984
124.2281, 7011.2332
125.0201, 6929.0211
125.5093, 6847.0559
125.8121, 6846.809
126.1148, 6846.5622
126.3014, 6764.8437
126.7908, 6682.8787
127.2801, 6600.9135
128.0721, 6518.7014
128.5614, 6436.7362
129.3534, 6354.5241
129.8427, 6272.5589
130.3321, 6190.5937
130.8214, 6108.6286
131.3107, 6026.6634
131.8, 5944.6982
132.2893, 5862.733
132.7787, 5780.7678
133.268, 5698.8026
133.7572, 5616.8374
134.06, 5616.5905
134.3627, 5616.3437
134.8519, 5534.3785
135.3413, 5452.4133
135.8306, 5370.4481
136.32, 5288.4828
137.112, 5206.2708
137.6013, 5124.3056
138.3933, 5042.0936
139.1853, 4959.8815
139.6745, 4877.9163
140.1639, 4795.951
140.9559, 4713.7389
141.4453, 4631.7739
141.9346, 4549.8087
142.7266, 4467.5966
143.2159, 4385.6314
143.7052, 4303.6662
144.4971, 4221.4541
144.9865, 4139.4889
145.4759, 4057.5238
146.2679, 3975.3117
146.7572, 3893.3465
147.2465, 3811.3813
148.0385, 3729.1692
148.5278, 3647.204
149.0172, 3565.2389
149.8092, 3483.0268
150.2985, 3401.0616
150.7877, 3319.0964
151.5798, 3236.8843
152.0691, 3154.9191
152.5584, 3072.954
153.3505, 2990.7419
153.8397, 2908.7767
154.3291, 2826.8115
155.1211, 2744.5994
155.6104, 2662.6341
156.0997, 2580.6691
156.8917, 2498.457
157.3811, 2416.4918
157.6837, 2416.2449
158.1731, 2334.2797
158.6623, 2252.3145
159.4544, 2170.1025
159.9437, 2088.1373
160.433, 2006.1721
161.225, 1923.96
161.7144, 1841.9948
162.5064, 1759.7827
162.9957, 1677.8176
163.4849, 1595.8524
164.277, 1513.6402
164.7663, 1431.6751
165.2556, 1349.7099
165.5583, 1349.463
166.0476, 1267.4978
166.537, 1185.5327
167.0263, 1103.5675
167.8183, 1021.3554
168.6103, 939.1433
169.4022, 856.9312
170.1943, 774.7191
170.9863, 692.507
171.7783, 610.295
172.5703, 528.083
173.3623, 445.8709
173.8516, 363.9057
174.1543, 363.6588
174.9463, 281.4466
175.4356, 199.4815
176.2276, 117.2695
177.0196, 35.0574
177.3223, 34.8105
177.8115, -47.1547
178.1143, -47.4016
178.417, -47.6484
178.7197, -47.8953
179.0223, -48.1421
179.325, -48.3891
179.6277, -48.636
179.9304, -48.8829
180.2331, -49.1297
180.5356, -49.3766
180.8384, -49.6235
181.1411, -49.8704
181.4438, -50.1173
181.7465, -50.3642
182.0491, -50.611
182.3518, -50.8578
182.6545, -51.1048
182.9572, -51.3517
183.2598, -51.5986
183.5625, -51.8455
183.8652, -52.0923
184.1679, -52.3392
184.4706, -52.5861
184.7732, -52.833
185.0759, -53.0799
185.3786, -53.3267
185.6813, -53.5735
185.984, -53.8205
186.2866, -54.0674
186.5893, -54.3143
186.892, -54.5612
187.1947, -54.808
187.4973, -55.0549
187.8, -55.3018
188.1027, -55.5487
188.4054, -55.7955
188.7081, -56.0425
189.0107, -56.2893
189.3134, -56.5362
189.616, -56.7831
189.9188, -57.03
190.2215, -57.2769
190.5241, -57.5238
190.8268, -57.7706
191.1295, -58.0175
191.4322, -58.2644
191.7348, -58.5112
192.0375, -58.7582
192.3402, -59.0051
192.6429, -59.2519
192.9456, -59.4988
193.2482, -59.7457
193.5509, -59.9926
193.8536, -60.2395
194.1562, -60.4864
194.459, -60.7332
194.7616, -60.9801
195.0643, -61.227
195.367, -61.4739
195.6697, -61.7208
195.9723, -61.9677
196.275, -62.2145
196.5777, -62.4614
196.8803, -62.7083
197.1831, -62.9552
197.4857, -63.2021
197.7884, -63.449
198.0911, -63.6958
198.3938, -63.9426
198.6965, -64.1896
198.999, -64.4365
199.3018, -64.6834
199.6045, -64.9303
199.9072, -65.1771
200.2099, -65.424
200.5125, -65.6709
200.8152, -65.9178
201.1179, -66.1647
201.4205, -66.4116
201.7231, -66.6583
202.0259, -66.9053
202.3286, -67.1522
202.6313, -67.3991
202.934, -67.646
203.2366, -67.8929
203.5393, -68.1397
203.842, -68.3866
204.1447, -68.6335
204.4474, -68.8803
204.75, -69.1273
205.542, -151.3393
205.8447, -151.5862
206.1474, -151.8331
206.4501, -152.08
206.7527, -152.3269
207.0554, -152.5737
207.358, -152.8206
207.6608, -153.0675
207.9635, -153.3144
208.2661, -153.5613
208.5688, -153.8082
208.8715, -154.0551
209.1742, -154.3019
209.4769, -154.5488
209.7795, -154.7957
210.0822, -155.0426
210.3849, -155.2894
210.6876, -155.5364
210.9902, -155.7832
211.2929, -156.0301
211.1063, -74.3118
211.409, -74.5587
211.7116, -74.8056
212.0143, -75.0525
212.317, -75.2993
212.6197, -75.5462
212.9224, -75.7931
213.225, -76.04
213.5276, -76.2869
213.8304, -76.5338
214.1331, -76.7806
214.4357, -77.0275
214.249, 4.6907
214.5518, 4.4439
214.0625, 86.4091
213.8758, 168.1274
214.1785, 167.8805
213.6892, 249.8457
213.9919, 249.5988
213.8052, 331.3171
214.1078, 331.0702
213.9212, 412.7885
213.7346, 494.5069
213.548, 576.2252
213.3613, 657.9435
213.664, 657.6966
213.1747, 739.6618
212.988, 821.3801
213.2907, 821.1332
213.1041, 902.8515
212.6147, 984.8167
212.4281, 1066.535
212.7308, 1066.2881
212.5441, 1148.0064
212.0548, 1229.9716
212.3575, 1229.7247
212.1708, 1311.443
211.6815, 1393.4082
211.9842, 1393.1613
211.7976, 1474.8796
211.6109, 1556.5979
211.4243, 1638.3163
211.2376, 1720.0346
211.5403, 1719.7877
211.051, 1801.7529
210.8643, 1883.4712
211.167, 1883.2243
210.6777, 1965.1895
210.491, 2046.9078
210.7936, 2046.6609
210.6071, 2128.3792
210.1178, 2210.3444
209.9311, 2292.0627
210.2338, 2291.8157
210.0472, 2373.5341
209.5577, 2455.4993
209.8605, 2455.2524
209.6739, 2536.9707
209.4872, 2618.6891
209.3006, 2700.4074
208.8113, 2782.3725
208.6246, 2864.0909
208.1353, 2946.056
207.646, 3028.0212
207.4593, 3109.7395
206.97, 3191.7046
206.7833, 3273.423
206.5967, 3355.1413
206.4101, 3436.8596
206.2234, 3518.5779
206.0368, 3600.2963
205.85, 3682.0146
205.6635, 3763.7328
205.4769, 3845.4512
205.2902, 3927.1695
205.1036, 4008.8878
204.9169, 4090.6061
204.7303, 4172.3244
204.5436, 4254.0427
204.357, 4335.761
204.1703, 4417.4793
203.9837, 4499.1976
203.7971, 4580.9159
203.6104, 4662.6341
203.4238, 4744.3525
203.2371, 4826.0709
203.0505, 4907.7892
202.8638, 4989.5074
203.1665, 4989.2606
203.4692, 4989.0137
203.2826, 5070.732
203.5852, 5070.4851
203.8879, 5070.2382
204.1905, 5069.9914
204.4933, 5069.7445
204.796, 5069.4976
205.0986, 5069.2507
205.4013, 5069.0038
205.704, 5068.7569
206.0067, 5068.5101
206.3093, 5068.2631
206.1227, 5149.9815
206.4254, 5149.7346
206.7281, 5149.4877
207.0307, 5149.2408
207.8227, 5067.0288
208.1254, 5066.7819
208.4281, 5066.535
209.2201, 4984.3229
209.5228, 4984.076
209.8255, 4983.8292
210.6175, 4901.6171
210.9201, 4901.3702
211.2227, 4901.1233
212.0148, 4818.9112
212.3175, 4818.6644
212.6202, 4818.4175
213.4122, 4736.2054
213.7149, 4735.9585
214.0175, 4735.7116
214.8094, 4653.4996
215.1122, 4653.2527
215.4149, 4653.0058
215.7176, 4652.7589
216.0202, 4652.512
216.8122, 4570.3
217.1149, 4570.0531
217.4176, 4569.8062
217.7203, 4569.5593
218.023, 4569.3124
218.3256, 4569.0655
218.6282, 4568.8187
218.931, 4568.5718
219.2337, 4568.3249
219.5364, 4568.078
219.839, 4567.8311
220.1417, 4567.5842
220.4444, 4567.3374
221.2364, 4485.1253
221.5391, 4484.8784
221.8417, 4484.6315
222.3311, 4402.6663
222.6337, 4402.4195
223.4257, 4320.2074
223.9151, 4238.2422
224.2178, 4237.9952
224.7071, 4156.0301
225.499, 4073.818
226.2911, 3991.6059
226.5937, 3991.3591
226.8963, 3991.1122
227.6884, 3908.9001
227.991, 3908.6533
228.7831, 3826.4412
229.5751, 3744.2291
229.8778, 3743.9822
230.6698, 3661.7702
231.4618, 3579.5581
231.7645, 3579.3112
232.0672, 3579.0643
232.3698, 3578.8174
232.6724, 3578.5705
233.4645, 3496.3585
233.7671, 3496.1116
234.2565, 3414.1464
235.0485, 3331.9343
235.3512, 3331.6874
235.6539, 3331.4405
235.9565, 3331.1937
236.2591, 3330.9468
236.5619, 3330.6999
236.8646, 3330.453
237.6566, 3248.241
237.9593, 3247.9941
238.7513, 3165.782
239.5433, 3083.5699
239.8458, 3083.323
240.1486, 3083.0762
240.9405, 3000.8641
241.2433, 3000.6172
241.546, 3000.3703
241.8487, 3000.1234
242.1513, 2999.8766
242.454, 2999.6297
242.7567, 2999.3828
243.0594, 2999.1359
243.362, 2998.889
243.6646, 2998.6421
244.4567, 2916.4301
244.7593, 2916.1832
245.0621, 2915.9363
245.3648, 2915.6894
245.6674, 2915.4425
245.4808, 2997.1608
245.7835, 2996.914
246.0862, 2996.6671
245.8995, 3078.3854
246.2022, 3078.1385
245.7128, 3160.1037
245.5262, 3241.822
245.8289, 3241.5751
245.6423, 3323.2934
245.1529, 3405.2586
245.4556, 3405.0117
245.269, 3486.73
245.0823, 3568.4483
244.8957, 3650.1666
245.1984, 3649.9198
245.0117, 3731.6381
244.5224, 3813.6033
244.8251, 3813.3564
244.6383, 3895.0747
244.4518, 3976.793
244.7545, 3976.5461
244.5678, 4058.2644
244.8705, 4058.0175
245.1732, 4057.7706
245.4759, 4057.5238
245.2892, 4139.2421
245.1026, 4220.9604
244.9159, 4302.6787
245.2186, 4302.4318
245.5213, 4302.1849
245.3347, 4383.9032
245.148, 4465.6215
244.6587, 4547.5867
244.9614, 4547.3397
244.7747, 4629.0581
244.2854, 4711.0233
244.0988, 4792.7416
244.4014, 4792.4948
243.9121, 4874.4599
243.7255, 4956.1782
244.0281, 4955.9314
243.8415, 5037.6497
244.1442, 5037.4028
243.6549, 5119.3679
243.1655, 5201.3332
242.6762, 5283.2984
242.4896, 5365.0167
242.0002, 5446.9819
242.3029, 5446.7349
241.8136, 5528.7002
241.627, 5610.4184
241.1376, 5692.3837
240.951, 5774.102
240.7644, 5855.8203
240.5777, 5937.5386
240.0884, 6019.5038
239.9017, 6101.2221
239.7151, 6182.9404
239.5285, 6264.6587
239.0391, 6346.6239
238.8525, 6428.3422
239.0391, 6346.6239
238.5497, 6428.5891
238.7365, 6346.8708
238.2471, 6428.8359
237.7578, 6510.8011
237.5712, 6592.5194
237.0818, 6674.4846
237.3845, 6674.2377
236.8952, 6756.2029
236.7086, 6837.9212
236.2192, 6919.8864
236.0326, 7001.6047
235.5433, 7083.5699
235.8458, 7083.323
235.6593, 7165.0414
235.17, 7247.0065
234.9832, 7328.7248
234.7967, 7410.4432
234.3074, 7492.4083
233.818, 7574.3735
233.3287, 7656.3387
233.1421, 7738.057
232.6528, 7820.0222
232.9554, 7819.7753
232.7688, 7901.4936
232.2795, 7983.4588
232.0928, 8065.1771
232.3955, 8064.9303
231.9062, 8146.8954
231.7195, 8228.6138
231.2302, 8310.5789
230.7409, 8392.5441
230.2516, 8474.5093
229.7623, 8556.4745
229.2729, 8638.4397
228.7835, 8720.4049
228.2943, 8802.37
228.597, 8802.1232
228.1076, 8884.0884
228.8996, 8801.8763
229.389, 8719.9111
229.6916, 8719.6642
230.4836, 8637.4522
230.9729, 8555.487
231.765, 8473.2749
232.557, 8391.0628
232.3703, 8472.7811
231.881, 8554.7463
232.1837, 8554.4994
231.6944, 8636.4646
231.5077, 8718.1829
231.0184, 8800.1481
230.8317, 8881.8664
230.3424, 8963.8316
230.6451, 8963.5847
230.4585, 9045.303
229.9691, 9127.2682
229.7825, 9208.9865
229.2932, 9290.9517
229.1065, 9372.67
229.4092, 9372.4232
229.7119, 9372.1763
230.0146, 9371.9294
230.3172, 9371.6825
230.1306, 9453.4008
230.4333, 9453.1539
230.736, 9452.907
231.0386, 9452.6602
231.3413, 9452.4133
231.1547, 9534.1316
231.4574, 9533.8847
231.76, 9533.6378
231.2707, 9615.603
231.0841, 9697.3213
230.5947, 9779.2865
230.4081, 9861.0048
229.9188, 9942.97
229.4295, 10024.9352
229.7321, 10024.6883
229.2428, 10106.6535
229.0562, 10188.3718
228.5668, 10270.337
228.0775, 10352.3022
227.8909, 10434.0205
227.4016, 10515.9857
227.2149, 10597.704
226.7256, 10679.6692
227.5175, 10597.4571
228.0069, 10515.4919
228.3096, 10515.245
229.1016, 10433.033
229.5909, 10351.0678
230.3829, 10268.8557
231.1749, 10186.6436
231.9668, 10104.4316
232.4562, 10022.4664
232.7589, 10022.2195
233.5509, 9940.0074
234.0402, 9858.0422
234.8322, 9775.83
235.6242, 9693.6181
235.9268, 9693.3712
236.7189, 9611.1591
237.0216, 9610.9122
237.5109, 9528.947
237.8136, 9528.7002
237.3243, 9610.6653
236.835, 9692.6305
236.3456, 9774.5957
235.8563, 9856.5609
235.367, 9938.5261
234.8777, 10020.4913
234.3883, 10102.4565
234.2017, 10184.1748
233.7124, 10266.14
233.2231, 10348.1052
232.7337, 10430.0704
232.2444, 10512.0356
231.7551, 10594.0007
231.2658, 10675.9659
230.7764, 10757.9311
230.2871, 10839.8963
229.7978, 10921.8615
229.3085, 11003.8267
228.8192, 11085.7919
228.3298, 11167.757
227.8405, 11249.7223
227.6539, 11331.4405
227.1645, 11413.4058
226.6752, 11495.3709
226.1859, 11577.3361
225.6966, 11659.3013
225.2073, 11741.2665
224.7179, 11823.2317
224.5312, 11904.95
224.3446, 11986.6683
224.834, 11904.7031
225.626, 11822.491
226.1153, 11740.5259
226.6046, 11658.5607
227.0939, 11576.5955
227.8859, 11494.3834
228.3753, 11412.4182
228.8646, 11330.453
229.3538, 11248.4878
230.1459, 11166.2758
230.6352, 11084.3106
231.1246, 11002.3454
231.4272, 11002.0985
231.9165, 10920.1333
232.4059, 10838.1681
232.8952, 10756.2029
233.3845, 10674.2377
234.1764, 10592.0257
234.6658, 10510.0605
235.1552, 10428.0953
235.6444, 10346.1301
236.1338, 10264.1649
236.6231, 10182.1997
237.4151, 10099.9877
237.9045, 10018.0225
238.2071, 10017.7755
238.6965, 9935.8104
239.4885, 9853.5983
239.9778, 9771.6331
240.7698, 9689.4211
241.2591, 9607.4559
241.5617, 9607.209
242.0511, 9525.2438
242.8431, 9443.0317
243.6351, 9360.8197
244.4271, 9278.6076
245.2191, 9196.3955
244.7298, 9278.3607
244.2405, 9360.3259
243.7511, 9442.2911
243.2618, 9524.2563
242.7725, 9606.2215
242.2832, 9688.1865
242.0965, 9769.905
241.6072, 9851.87
241.1179, 9933.8353
240.6286, 10015.8005
240.1392, 10097.7657
239.6499, 10179.7309
239.1606, 10261.6961
238.6713, 10343.6613
238.182, 10425.6265
237.6926, 10507.5917
237.2033, 10589.5568
236.714, 10671.522
236.5272, 10753.2403
236.038, 10835.2055
235.5487, 10917.1707
235.0594, 10999.1359
234.5701, 11081.1011
234.0807, 11163.0663
234.3834, 11162.8194
234.1968, 11244.5377
234.4994, 11244.2908
234.3128, 11326.0091
234.8021, 11244.0439
235.2913, 11162.0788
235.7808, 11080.1136
236.2701, 10998.1484
237.0621, 10915.9363
237.5514, 10833.971
238.0407, 10752.0059
238.5301, 10670.0407
239.0194, 10588.0755
239.5087, 10506.1104
239.998, 10424.1452
240.4873, 10342.18
241.2793, 10259.9679
241.7687, 10178.0027
242.258, 10096.0375
242.7473, 10014.0723
243.2366, 9932.1071
243.726, 9850.142
244.2153, 9768.1768
244.7046, 9686.2116
245.4966, 9603.9995
245.9859, 9522.0343
246.4752, 9440.0691
246.9646, 9358.1039
247.4539, 9276.1387
247.9432, 9194.1736
248.4325, 9112.2084
248.9219, 9030.2432
249.7139, 8948.0311
250.2032, 8866.0659
250.6925, 8784.1007
251.1818, 8702.1355
251.6712, 8620.1703
252.4632, 8537.9583
252.9525, 8455.9931
253.7445, 8373.781
254.5365, 8291.5689
254.8392, 8291.3221
255.3285, 8209.3569
255.6312, 8209.11
256.4232, 8126.8979
256.7258, 8126.651
257.5178, 8044.439
258.3098, 7962.2269
258.6125, 7961.98
259.1018, 7880.0148
259.4045, 7879.7679
259.2179, 7961.4862
259.5206, 7961.2394
259.0312, 8043.2045
259.3338, 8042.9577
258.8446, 8124.9228
258.3553, 8206.888
257.8659, 8288.8532
257.3766, 8370.8184
256.8873, 8452.7835
256.398, 8534.7488
255.9087, 8616.714
255.4193, 8698.6792
254.93, 8780.6444
254.4407, 8862.6096
253.9514, 8944.5747
253.462, 9026.5399
252.9727, 9108.5051
252.4834, 9190.4703
252.7861, 9190.2234
253.0888, 9189.9765
253.5781, 9108.0114
254.0674, 9026.0462
254.8594, 8943.834
255.3487, 8861.8689
255.838, 8779.9037
256.3274, 8697.9385
256.8167, 8615.9733
257.306, 8534.0081
258.098, 8451.7961
258.5873, 8369.8309
259.0767, 8287.8657
259.5659, 8205.9005
260.0553, 8123.9353
260.8473, 8041.7231
261.3366, 7959.7581
261.8258, 7877.7929
262.3153, 7795.8277
262.8046, 7713.8625
263.2939, 7631.8973
264.0859, 7549.6852
264.5752, 7467.72
265.0646, 7385.7548
265.5539, 7303.7896
266.0432, 7221.8245
266.5325, 7139.8593
267.3245, 7057.6472
268.1165, 6975.4351
268.9085, 6893.2231
269.2112, 6892.9762
269.7005, 6811.011
270.4925, 6728.7989
270.7952, 6728.552
271.5872, 6646.34
272.3792, 6564.1279
272.1926, 6645.8462
272.0059, 6727.5645
271.8193, 6809.2828
271.33, 6891.248
271.1433, 6972.9663
270.9567, 7054.6846
270.4673, 7136.6498
270.2807, 7218.3681
269.7913, 7300.3333
269.6047, 7382.0516
269.1154, 7464.0168
269.4181, 7463.7699
268.9287, 7545.7351
269.4181, 7463.7699
270.2101, 7381.5577
270.6994, 7299.5926
271.4914, 7217.3806
271.9807, 7135.4154
272.7727, 7053.2033
273.2621, 6971.2381
273.7513, 6889.2729
274.2407, 6807.3077
275.0327, 6725.0957
275.522, 6643.1305
276.0114, 6561.1653
276.8034, 6478.9532
277.2927, 6396.988
277.782, 6315.0228
278.5739, 6232.8108
279.0633, 6150.8456
279.5526, 6068.8803
280.3446, 5986.6683
280.834, 5904.7031
281.3233, 5822.7379
281.8126, 5740.7727
282.6046, 5658.5607
283.0939, 5576.5955
283.8859, 5494.3834
284.3753, 5412.4182
284.6779, 5412.1713
285.1673, 5330.2061
285.9593, 5247.9941
286.4485, 5166.0289
287.2406, 5083.8168
