64.1923, 44.3997
63.9299, 44.6656
63.6675, 44.9316
63.4051, 45.1975
63.1427, 45.4635
62.8803, 45.7294
62.6179, 45.9954
62.3555, 46.2612
62.0931, 46.5272
61.8307, 46.7932
61.5683, 47.0592
61.3059, 47.3251
61.0435, 47.5911
61.4489, 47.8558
61.1865, 48.1218
60.9241, 48.3877
60.6617, 48.6537
60.3993, 48.9196
60.1369, 49.1856
59.8745, 49.4515
59.612, 49.7175
59.3497, 49.9835
59.0873, 50.2494
58.8249, 50.5154
58.5624, 50.7812
58.3, 51.0473
58.0376, 51.3132
57.7752, 51.5792
58.1807, 51.8439
57.9183, 52.1099
57.6558, 52.3758
57.3934, 52.6418
57.131, 52.9077
56.8686, 53.1737
56.6061, 53.4396
56.3437, 53.7056
56.0814, 53.9715
55.819, 54.2375
55.5566, 54.5034
55.2942, 54.7694
55.0318, 55.0352
54.7694, 55.3013
54.507, 55.5672
54.2446, 55.8332
54.65, 56.098
54.3876, 56.3639
54.1252, 56.6299
53.8628, 56.8958
53.6004, 57.1618
53.338, 57.4277
53.0756, 57.6937
52.8132, 57.9596
52.5508, 58.2256
52.2884, 58.4915
52.026, 58.7574
52.4314, 59.0222
52.169, 59.2882
51.9066, 59.5541
51.6442, 59.8201
51.3818, 60.086
51.1194, 60.3519
50.857, 60.6179
50.5945, 60.8839
50.3321, 61.1499
50.0697, 61.4158
49.8073, 61.6818
49.5449, 61.9477
49.2825, 62.2137
49.0201, 62.4796
48.7577, 62.7456
48.4953, 63.0115
48.2328, 63.2775
47.9705, 63.5434
47.7081, 63.8094
47.4457, 64.0753
47.8511, 64.3401
47.5887, 64.6059
47.3263, 64.8719
47.0639, 65.1379
46.8014, 65.4039
46.5391, 65.6698
46.2767, 65.9358
46.0143, 66.2017
45.7519, 66.4677
45.4895, 66.7336
45.2271, 66.9996
44.9647, 67.2655
44.7023, 67.5314
45.1077, 67.7963
44.8453, 68.0622
44.5829, 68.3282
44.3205, 68.5941
44.0581, 68.8601
43.7957, 69.126
43.5332, 69.392
43.2708, 69.6579
43.0084, 69.9239
42.746, 70.1898
42.4836, 70.4558
42.2212, 70.7217
41.9588, 70.9877
42.3642, 71.2525
42.1018, 71.5184
41.8394, 71.7844
41.577, 72.0503
41.3146, 72.3163
41.0522, 72.5822
40.7898, 72.8481
40.5274, 73.1141
40.265, 73.3801
40.6703, 73.6448
40.408, 73.9108
40.1456, 74.1767
39.8832, 74.4426
39.6208, 74.7086
39.3584, 74.9746
39.096, 75.2405
39.5013, 75.5053
39.2389, 75.7713
38.9766, 76.0372
38.7142, 76.3032
38.4518, 76.5691
38.1894, 76.8351
37.927, 77.101
37.6646, 77.367
37.4022, 77.6329
37.1398, 77.8989
36.8774, 78.1648
36.615, 78.4308
37.0204, 78.6955
36.758, 78.9615
36.4956, 79.2274
36.901, 79.4922
36.6385, 79.7582
37.044, 80.0229
36.7816, 80.2889
36.5192, 80.5548
36.2568, 80.8208
36.6623, 81.0856
36.3998, 81.3515
36.1374, 81.6175
35.875, 81.8834
36.2805, 82.1482
36.0181, 82.4141
35.7557, 82.6801
35.4933, 82.946
35.8987, 83.2107
35.6362, 83.4767
35.3739, 83.7427
35.1115, 84.0087
35.5169, 84.2734
35.2545, 84.5394
35.6599, 84.8041
35.3975, 85.0701
35.8029, 85.3349
36.2084, 85.5996
36.6138, 85.8643
37.0192, 86.1292
37.6871, 86.128
38.3549, 86.1268
39.0227, 86.1256
39.6905, 86.1244
40.3584, 86.1233
41.0262, 86.1221
41.694, 86.1209
42.3618, 86.1197
43.2921, 85.8526
43.96, 85.8514
44.8902, 85.5843
45.558, 85.5831
46.4883, 85.3159
47.4184, 85.0488
48.0863, 85.0476
49.0166, 84.7805
49.9468, 84.5133
50.877, 84.2462
51.8073, 83.979
52.7375, 83.712
53.6678, 83.4447
53.9302, 83.1789
54.8604, 82.9118
55.1228, 82.6458
56.053, 82.3787
56.9832, 82.1115
57.9135, 81.8444
58.8437, 81.5773
59.774, 81.3101
60.7042, 81.043
61.6345, 80.7759
62.5647, 80.5087
63.495, 80.2416
64.4252, 79.9745
65.3554, 79.7073
66.2857, 79.4402
67.2159, 79.1731
68.1461, 78.9059
69.0764, 78.6388
70.0066, 78.3717
70.9369, 78.1045
71.8671, 77.8374
72.7973, 77.5703
73.7276, 77.3031
74.6578, 77.036
75.588, 76.7689
76.5183, 76.5017
77.1861, 76.5006
78.1164, 76.2334
79.0466, 75.9663
79.7144, 75.9651
80.6447, 75.698
81.5749, 75.4308
82.2427, 75.4297
83.173, 75.1625
84.1032, 74.8954
84.771, 74.8942
85.4389, 74.893
86.3691, 74.6259
87.2993, 74.3588
87.9672, 74.3576
88.635, 74.3564
89.5653, 74.0893
90.2331, 74.0881
90.9009, 74.0869
91.5688, 74.0857
92.499, 73.8186
93.1668, 73.8174
93.8347, 73.8162
94.5025, 73.815
95.1703, 73.8138
95.8382, 73.8127
96.506, 73.8115
97.1738, 73.8103
97.8417, 73.8091
98.5095, 73.8079
99.1773, 73.8068
99.8452, 73.8056
100.513, 73.8044
101.1808, 73.8032
101.8487, 73.802
102.5165, 73.8009
103.1843, 73.7997
103.5897, 74.0644
104.2576, 74.0633
104.9254, 74.0621
105.3308, 74.3268
105.7363, 74.5916
106.1417, 74.8564
106.8094, 74.8552
107.4774, 74.854
107.8828, 75.1188
108.2882, 75.3836
108.6936, 75.6482
109.0991, 75.9131
109.5045, 76.1779
109.9099, 76.4426
109.6475, 76.7086
110.053, 76.9734
110.4584, 77.2381
110.196, 77.5041
109.9336, 77.77
110.339, 78.0348
110.0766, 78.3007
109.8142, 78.5667
110.2196, 78.8315
109.9572, 79.0974
109.6947, 79.3634
109.4324, 79.6293
109.8378, 79.8941
110.5057, 79.8929
110.9111, 80.1577
111.3165, 80.4224
111.0541, 80.6884
110.7917, 80.9544
110.5293, 81.2203
110.2669, 81.4863
110.6723, 81.751
111.0778, 82.0158
110.8153, 82.2817
111.2208, 82.5465
110.9584, 82.8125
111.3638, 83.0772
111.7692, 83.342
112.4371, 83.3408
112.8425, 83.6056
113.5103, 83.6044
113.9157, 83.8692
113.6533, 84.1351
114.0588, 84.3999
114.7266, 84.3987
115.132, 84.6635
115.7999, 84.6623
116.4677, 84.6611
117.1355, 84.6599
117.541, 84.9247
118.2088, 84.9235
118.8766, 84.9223
119.5445, 84.9212
119.9499, 85.1859
120.6177, 85.1847
121.2854, 85.1836
121.9534, 85.1824
121.6909, 85.4483
122.3588, 85.4472
123.0266, 85.446
123.4321, 85.7107
124.0999, 85.7096
124.7677, 85.7084
125.4356, 85.7072
125.841, 85.972
126.5088, 85.9708
127.1767, 85.9696
127.8445, 85.9684
128.2499, 86.2332
128.9178, 86.232
129.5856, 86.2308
130.2534, 86.2296
130.6588, 86.4944
131.3267, 86.4932
131.9945, 86.492
132.3999, 86.7568
133.0678, 86.7556
133.7356, 86.7545
134.4034, 86.7532
134.8089, 87.018
135.4767, 87.0169
136.4069, 86.7497
137.0748, 86.7485
137.7426, 86.7473
138.4104, 86.7462
138.8159, 87.0109
139.4837, 87.0098
140.1515, 87.0086
140.8194, 87.0074
141.2248, 87.2722
141.8925, 87.271
142.5605, 87.2698
143.2283, 87.2686
143.8961, 87.2674
144.564, 87.2663
145.2318, 87.2651
145.8996, 87.2639
146.5675, 87.2627
146.9729, 87.5274
147.6407, 87.5263
148.3086, 87.5251
148.9764, 87.5239
149.6442, 87.5228
150.312, 87.5215
150.7175, 87.7863
151.3853, 87.7852
152.0531, 87.784
152.721, 87.7828
153.3888, 87.7816
154.0566, 87.7804
154.4621, 88.0452
155.1299, 88.044
155.7976, 88.0428
156.4656, 88.0417
157.1334, 88.0405
157.8012, 88.0393
158.4691, 88.0381
159.1369, 88.0369
159.8047, 88.0357
160.2102, 88.3005
160.878, 88.2993
161.8082, 88.0322
162.4761, 88.031
163.1439, 88.0298
163.8117, 88.0287
164.4796, 88.0275
165.1474, 88.0263
165.8152, 88.0251
166.483, 88.0239
167.1509, 88.0227
167.8187, 88.0216
168.4866, 88.0204
169.1544, 88.0192
169.8222, 88.018
170.4901, 88.0168
171.1579, 88.0156
171.8256, 88.0145
172.4936, 88.0133
173.1614, 88.0121
173.8292, 88.0109
174.4971, 88.0097
175.1649, 88.0086
175.8327, 88.0074
176.5006, 88.0062
177.1684, 88.005
177.8362, 88.0038
178.5041, 88.0026
179.1719, 88.0015
179.8397, 88.0003
180.5076, 87.999
181.1754, 87.9979
181.8432, 87.9967
182.511, 87.9956
183.1789, 87.9944
183.8467, 87.9931
184.5146, 87.992
185.1824, 87.9908
185.8502, 87.9896
186.518, 87.9885
187.1859, 87.9872
187.8537, 87.9861
188.5215, 87.9849
189.1894, 87.9837
189.8572, 87.9826
190.525, 87.9814
191.1929, 87.9802
191.8607, 87.979
192.5285, 87.9778
193.1964, 87.9766
193.8641, 87.9755
194.532, 87.9743
195.1999, 87.9731
195.8677, 87.9719
196.5354, 87.9707
197.2034, 87.9696
197.8712, 87.9684
198.539, 87.9672
199.2069, 87.966
199.8747, 87.9647
200.5425, 87.9636
201.2104, 87.9625
201.8782, 87.9613
202.546, 87.9601
203.2139, 87.9588
203.8817, 87.9577
204.5495, 87.9565
205.2174, 87.9554
205.8852, 87.9542
206.553, 87.9529
207.2209, 87.9518
207.8887, 87.9506
208.5565, 87.9495
209.2244, 87.9483
209.8921, 87.9471
210.56, 87.9459
211.2279, 87.9447
211.8957, 87.9435
212.5635, 87.9424
213.2314, 87.9412
213.8992, 87.94
214.567, 87.9388
215.2349, 87.9376
215.9026, 87.9365
216.5705, 87.9353
217.2384, 87.9341
217.9062, 87.9329
218.5739, 87.9317
219.2419, 87.9304
219.9097, 87.9294
220.5775, 87.9282
221.2454, 87.927
221.9132, 87.9258
222.581, 87.9245
223.2489, 87.9235
223.9167, 87.9223
224.5845, 87.9211
225.2524, 87.9199
225.9202, 87.9186
226.588, 87.9175
227.2559, 87.9163
227.9237, 87.9152
228.5915, 87.914
229.2594, 87.9127
229.9272, 87.9116
230.595, 87.9104
231.2629, 87.9093
231.9306, 87.9081
232.5985, 87.9069
233.2664, 87.9057
233.9342, 87.9045
234.6019, 87.9034
235.2699, 87.9022
235.9377, 87.901
236.6055, 87.8998
237.2734, 87.8986
237.9412, 87.8974
238.609, 87.8963
239.2768, 87.8951
239.9447, 87.8939
240.6125, 87.8927
241.2803, 87.8915
241.9482, 87.8904
242.616, 87.8892
243.2838, 87.888
243.9517, 87.8868
244.6195, 87.8856
245.2873, 87.8843
245.9552, 87.8833
246.623, 87.882
247.2908, 87.8809
247.9586, 87.8797
248.6265, 87.8784
249.2943, 87.8774
249.9622, 87.8761
250.63, 87.875
251.2978, 87.8738
251.9657, 87.8726
252.6335, 87.8714
253.3013, 87.8702
253.9691, 87.8691
254.637, 87.8679
255.3048, 87.8667
255.9727, 87.8655
256.6404, 87.8643
257.3083, 87.8632
257.9762, 87.862
258.644, 87.8608
259.3118, 87.8596
259.9797, 87.8584
260.6475, 87.8573
261.3153, 87.8561
261.9832, 87.8549
262.651, 87.8537
263.3188, 87.8525
263.9867, 87.8514
264.6545, 87.8502
265.3223, 87.849
265.9902, 87.8477
266.658, 87.8466
267.3258, 87.8454
267.9937, 87.8443
268.6615, 87.8431
269.3293, 87.8418
269.9971, 87.8407
270.665, 87.8395
271.3328, 87.8383
272.0007, 87.8372
272.6684, 87.8359
273.3363, 87.8348
274.0042, 87.8336
274.672, 87.8324
275.3397, 87.8313
276.0077, 87.83
276.6755, 87.8289
277.3433, 87.8277
278.0112, 87.8265
278.679, 87.8253
279.3468, 87.8242
280.0147, 87.823
280.6825, 87.8218
281.3503, 87.8206
282.0182, 87.8194
282.686, 87.8183
283.3538, 87.8171
284.0217, 87.8159
284.6895, 87.8147
285.3573, 87.8135
286.0252, 87.8123
286.693, 87.8112
287.3608, 87.81
288.0287, 87.8088
288.6965, 87.8075
289.3643, 87.8064
290.0322, 87.8053
290.7, 87.8041
291.3678, 87.8029
292.0356, 87.8016
292.7035, 87.8005
293.3713, 87.7993
294.0391, 87.7982
294.7069, 87.797
295.3748, 87.7957
296.0426, 87.7946
296.4481, 88.0594
297.1159, 88.0582
297.7837, 88.057
298.4516, 88.0558
299.1194, 88.0547
299.7872, 88.0535
300.4551, 88.0523
301.1229, 88.0511
301.7907, 88.0499
302.4586, 88.0487
303.1264, 88.0476
303.7942, 88.0464
304.4621, 88.0452
305.1299, 88.044
305.7976, 88.0428
306.4656, 88.0417
307.1334, 88.0405
307.8012, 88.0393
308.4691, 88.0381
309.1369, 88.0369
309.8047, 88.0357
310.4726, 88.0346
310.878, 88.2993
311.5457, 88.2981
